305
0 500010
400620 303
401240 302
401860 301
402480 300
403100 299
403720 298
404340 297
404960 296
405580 295
406200 294
406820 293
407440 292
408060 291
408680 290
409300 289
409920 288
410540 287
411160 286
411780 285
412400 284
413020 283
413640 282
414260 281
414880 280
415500 279
416120 278
416740 277
417360 276
417980 275
418600 274
419220 273
419840 272
420460 271
421080 270
421700 269
422320 268
422940 267
423560 266
424180 265
424800 264
425420 263
426040 262
426660 261
427280 260
427900 259
428520 258
429140 257
429760 256
430380 255
431000 254
431620 253
432240 252
432860 251
433480 250
434100 249
434720 248
435340 247
435960 246
436580 245
437200 244
437820 243
438440 242
439060 241
439680 240
440300 239
440920 238
441540 237
442160 236
442780 235
443400 234
444020 233
444640 232
445260 231
445880 230
446500 229
447120 228
447740 227
448360 226
448980 225
449600 224
450220 223
450840 222
451460 221
452080 220
452700 219
453320 218
453940 217
454560 216
455180 215
455800 214
456420 213
457040 212
457660 211
458280 210
458900 209
459520 208
460140 207
460760 206
461380 205
462000 204
462620 203
463240 202
463860 201
464480 200
465100 199
465720 198
466340 197
466960 196
467580 195
468200 194
468820 193
469440 192
470060 191
470680 190
471300 189
471920 188
472540 187
473160 186
473780 185
474400 184
475020 183
475640 182
476260 181
476880 180
477500 179
478120 178
478740 177
479360 176
479980 175
480600 174
481220 173
481840 172
482460 171
483080 170
483700 169
484320 168
484940 167
485560 166
486180 165
486800 164
487420 163
488040 162
488660 161
489280 160
489900 159
490520 158
491140 157
491760 156
492380 155
493000 154
493620 153
494240 152
494860 151
495480 150
496100 149
496720 148
497340 147
497960 146
498580 145
499200 144
499820 143
500440 142
501060 141
501680 140
502300 139
502920 138
503540 137
504160 136
504780 135
505400 134
506020 133
506640 132
507260 131
507880 130
508500 129
509120 128
509740 127
510360 126
510980 125
511600 124
512220 123
512840 122
513460 121
514080 120
514700 119
515320 118
515940 117
516560 116
517180 115
517800 114
518420 113
519040 112
519660 111
520280 110
520900 109
521520 108
522140 107
522760 106
523380 105
524000 104
524620 103
525240 102
525860 101
526480 100
527100 99
527720 98
528340 97
528960 96
529580 95
530200 94
530820 93
531440 92
532060 91
532680 90
533300 89
533920 88
534540 87
535160 86
535780 85
536400 84
537020 83
537640 82
538260 81
538880 80
539500 79
540120 78
540740 77
541360 76
541980 75
542600 74
543220 73
543840 72
544460 71
545080 70
545700 69
546320 68
546940 67
547560 66
548180 65
548800 64
549420 63
550040 62
550660 61
551280 60
551900 59
552520 58
553140 57
553760 56
554380 55
555000 54
555620 53
556240 52
556860 51
557480 50
558100 49
558720 48
559340 47
559960 46
560580 45
561200 44
561820 43
562440 42
563060 41
563680 40
564300 39
564920 38
565540 37
566160 36
566780 35
567400 34
568020 33
568640 32
569260 31
569880 30
570500 29
571120 28
571740 27
572360 26
572980 25
573600 24
574220 23
574840 22
575460 21
576080 20
576700 19
577320 18
577940 17
578560 16
579180 15
579800 14
580420 13
581040 12
581660 11
582280 10
582900 9
583520 8
584140 7
584760 6
585380 5
586000 4
586620 3
587240 2
587860 1
1000000 500010
